i2=[1542 425.3]
i3=[1661 425.3]
i0=[1542.3 306.92]
i1=[1661 306.92]
a=(((i1(1)-i0(1))*(i3(2)-i1(2)))-((i3(1)-i1(1))*(i1(2)-i0(2))))/((i3(1)-i1(1))*(i2(2)-i1(2))-(i2(1)-i1(1))*(i3(2)-i1(2)))
b=(((i1(1)-i0(1))*(i2(2)-i1(2)))-((i2(1)-i1(1))*(i1(2)-i0(2))))/((i3(1)-i1(1))*(i2(2)-i1(2))-(i2(1)-i1(1))*(i3(2)-i1(2)))
%Average valve diameter goes up to .3592m
m=35.92
l=10
t0=m/sqrt((((a*i2(1)-i0(1))^(2))+((a*i2(2)-i0(2))^(2))+(l^(2))*(a-1)^2))
t2=t0*(a);
t3=t0*b;
t1=((t0*i0(2))+(t3*i3(2))-(t2*i2(2)))/i1(2)
% 3D POSITION
P0=[-t0*i0(1) -t0*i0(2) t0*l]
P1=[-t1*i1(1) -t1*i1(2) t1*l]
P2=[-t2*i2(1) -t2*i2(2) t2*l]
P3=[-t3*i3(1) -t3*i3(2) t3*l]

pf0=P0./37.7
pf1=P1./37.7
pf2=P2./37.7
pf3=P3/37.7
